it: 0, lambda: 0.966318623599, lambda2: 1, lambda2_next: 0.966318623599
it: 1, lambda: 0.981434454504, lambda2: 0.966318623599, lambda2_next: 0.948378391229
it: 2, lambda: 0.990374019103, lambda2: 0.948378391229, lambda2_next: 0.939249318952
