it: 0, lambda: 1.0615098815, lambda2: 1, lambda2_next: 1.0615098815
it: 1, lambda: 1.02956108119, lambda2: 1.0615098815, lambda2_next: 1.09288926129
it: 2, lambda: 1.01363647538, lambda2: 1.09288926129, lambda2_next: 1.10779241879
it: 3, lambda: 1.00591171521, lambda2: 1.10779241879, lambda2_next: 1.11434137209
