it: 0, lambda: 1.1849176782, lambda2: 1, lambda2_next: 1.1849176782
it: 1, lambda: 1.04151932862, lambda2: 1.1849176782, lambda2_next: 1.23411466467
it: 2, lambda: 1.0085951368, lambda2: 1.23411466467, lambda2_next: 1.24472204904
