it: 0, lambda: 0.837772234919, lambda2: 1, lambda2_next: 0.837772234919
it: 1, lambda: 0.951527223118, lambda2: 0.837772234919, lambda2_next: 0.797163088298
it: 2, lambda: 0.984670166094, lambda2: 0.797163088298, lambda2_next: 0.784942710558
it: 3, lambda: 0.995444954614, lambda2: 0.784942710558, lambda2_next: 0.781367260886
