it: 0, lambda: 1.17007690544, lambda2: 1, lambda2_next: 1.17007690544
it: 1, lambda: 1.03753471319, lambda2: 1.17007690544, lambda2_next: 1.2139954065
it: 2, lambda: 1.00744752719, lambda2: 1.2139954065, lambda2_next: 1.2230366703
