it: 0, lambda: 1.12172792263, lambda2: 1, lambda2_next: 1.12172792263
it: 1, lambda: 1.02113777671, lambda2: 1.12172792263, lambda2_next: 1.14543875698
it: 2, lambda: 1.00340872862, lambda2: 1.14543875698, lambda2_next: 1.14934324686
